13100001001
13100001002
13100001003
13100001004
13100001005
13100001006
13100001007
13100001008
13100001009
13100001010
13100001011
13100001012
13100001013
13100001014
13100001015
13100001016
13100001017
13100001018
13100001019
13100001020
13100001021
13100001022
13100001023
13100001024
13100001025
13100001026
13100001027
13100001028
13100001029
13100001030
13100001031
13100001032
13100001033
13100001034
13100001035
13100001036
13100001037
13100001038
13100001039
13100001040
13100001041
13100001042
13100001043
13100001044
13100001045
13100001046
13100001047
13100001048
13100001049
13100001050
13100001051
13100001052
13100001053
13100001054
13100001055
13100001056
13100001057
13100001058
13100001059
13100001060
13100001061
13100001062
13100001063
13100001064
13100001065
13100001066
13100001067
13100001068
13100001069
13100001070
13100001071
13100001072
13100001073
13100001074
13100001075
13100001076
13100001077
13100001078
13100001079
13100001080
13100001081
13100001082
13100001083
13100001084
13100001085
13100001086
13100001087
13100001088
13100001089
13100001090
13100001091
13100001092
13100001093
13100001094
13100001095
13100001096
13100001097
13100001098
13100001099
13100001100
13100001101
13100001102
13100001103
13100001104
13100001105
13100001106
13100001107
13100001108
13100001109
13100001110
13100001111
13100001112
13100001113
13100001114
13100001115
13100001116
13100001117
13100001118
13100001119
13100001120
13100001121
13100001122
13100001123
13100001124
13100001125
13100001126
13100001127
13100001128
13100001129
13100001130
13100001131
13100001132
13100001133
13100001134
13100001135
13100001136
13100001137
13100001138
13100001139
13100001140
13100001141
13100001142
13100001143
13100001144
13100001145
13100001146
13100001147
13100001148
13100001149
13100001150
13100001151
13100001152
13100001153
13100001154
13100001155
13100001156
13100001157
13100001158
13100001159
13100001160
13100001161
13100001162
13100001163
13100001164
13100001165
13100001166
13100001167
13100001168
13100001169
13100001170
13100001171
13100001172
13100001173
13100001174
13100001175
13100001176
13100001177
13100001178
13100001179
13100001180
13100001181
13100001182
13100001183
13100001184
13100001185
13100001186
13100001187
13100001188
13100001189
13100001190
13100001191
13100001192
13100001193
13100001194
13100001195
13100001196
13100001197
13100001198
13100001199
13100001200
13100001201
13100001202
13100001203
13100001204
13100001205
13100001206
13100001207
13100001208
13100001209
13100001210
13100001211
13100001212
13100001213
13100001214
13100001215
13100001216
13100001217
13100001218
13100001219
13100001220
13100001221
13100001222
13100001223
13100001224
13100001225
13100001226
13100001227
13100001228
13100001229
13100001230
13100001231
13100001232
13100001233
13100001234
13100001235
13100001236
13100001237
13100001238
13100001239
13100001240
13100001241
13100001242
13100001243
13100001244
13100001245
13100001246
13100001247
13100001248
13100001249
13100001250
13100001251
13100001252
13100001253
13100001254
13100001255
13100001256
13100001257
13100001258
13100001259
13100001260
13100001261
13100001262
13100001263
13100001264
13100001265
13100001266
13100001267
13100001268
13100001269
13100001270
13100001271
13100001272
13100001273
13100001274
13100001275
13100001276
13100001277
13100001278
13100001279
13100001280
13100001281
13100001282
13100001283
13100001284
13100001285
13100001286
13100001287
13100001288
13100001289
13100001290
13100001291
13100001292
13100001293
13100001294
13100001295
13100001296
13100001297
13100001298
13100001299
13100001300
13100001301
13100001302
13100001303
13100001304
13100001305
13100001306
13100001307
13100001308
13100001309
13100001310
13100001311
13100001312
13100001313
13100001314
13100001315
13100001316
13100001317
13100001318
13100001319
13100001320
13100001321
13100001322
13100001323
13100001324
13100001325
13100001326
13100001327
13100001328
13100001329
13100001330
13100001331
13100001332
13100001333
13100001334
13100001335
13100001336
13100001337
13100001338
13100001339
13100001340
13100001341
13100001342
13100001343
13100001344
13100001345
13100001346
13100001347
13100001348
13100001349
13100001350
13100001351
13100001352
13100001353
13100001354
13100001355
13100001356
13100001357
13100001358
13100001359
13100001360
13100001361
13100001362
13100001363
13100001364
13100001365
13100001366
13100001367
13100001368
13100001369
13100001370
13100001371
13100001372
13100001373
13100001374
13100001375
13100001376
13100001377
13100001378
13100001379
13100001380
13100001381
13100001382
13100001383
13100001384
13100001385
13100001386
13100001387
13100001388
13100001389
13100001390
13100001391
13100001392
13100001393
13100001394
13100001395
13100001396
13100001397
13100001398
13100001399
13100001400
13100001401
13100001402
13100001403
13100001404
13100001405
13100001406
13100001407
13100001408
13100001409
13100001410
13100001411
13100001412
13100001413
13100001414
13100001415
13100001416
13100001417
13100001418
13100001419
13100001420
13100001421
13100001422
13100001423
13100001424
13100001425
13100001426
13100001427
13100001428
13100001429
13100001430
13100001431
13100001432
13100001433
13100001434
13100001435
13100001436
13100001437
13100001438
13100001439
13100001440
13100001441
13100001442
13100001443
13100001444
13100001445
13100001446
13100001447
13100001448
13100001449
13100001450
13100001451
13100001452
13100001453
13100001454
13100001455
13100001456
13100001457
13100001458
13100001459
13100001460
13100001461
13100001462
13100001463
13100001464
13100001465
13100001466
13100001467
13100001468
13100001469
13100001470
13100001471
13100001472
13100001473
13100001474
13100001475
13100001476
13100001477
13100001478
13100001479
13100001480
13100001481
13100001482
13100001483
13100001484
13100001485
13100001486
13100001487
13100001488
13100001489
13100001490
13100001491
13100001492
13100001493
13100001494
13100001495
13100001496
13100001497
13100001498
13100001499
13100001500
13100001501
13100001502
13100001503
13100001504
13100001505
13100001506
13100001507
13100001508
13100001509
13100001510
13100001511
13100001512
13100001513
13100001514
13100001515
13100001516
13100001517
13100001518
13100001519
13100001520
13100001521
13100001522
13100001523
13100001524
13100001525
13100001526
13100001527
13100001528
13100001529
13100001530
13100001531
13100001532
13100001533
13100001534
13100001535
13100001536
13100001537
13100001538
13100001539
13100001540
13100001541
13100001542
13100001543
13100001544
13100001545
13100001546
13100001547
13100001548
13100001549
13100001550
13100001551
13100001552
13100001553
13100001554
13100001555
13100001556
13100001557
13100001558
13100001559
13100001560
13100001561
13100001562
13100001563
13100001564
13100001565
13100001566
13100001567
13100001568
13100001569
13100001570
13100001571
13100001572
13100001573
13100001574
13100001575
13100001576
13100001577
13100001578
13100001579
13100001580
13100001581
13100001582
13100001583
13100001584
13100001585
13100001586
13100001587
13100001588
13100001589
13100001590
13100001591
13100001592
13100001593
13100001594
13100001595
13100001596
13100001597
13100001598
13100001599
13100001600
13100001601
13100001602
13100001603
13100001604
13100001605
13100001606
13100001607
13100001608
13100001609
13100001610
13100001611
13100001612
13100001613
13100001614
13100001615
13100001616
13100001617
13100001618
13100001619
13100001620
13100001621
13100001622
13100001623
13100001624
13100001625
13100001626
13100001627
13100001628
13100001629
13100001630
13100001631
13100001632
13100001633
13100001634
13100001635
13100001636
13100001637
13100001638
13100001639
13100001640
13100001641
13100001642
13100001643
13100001644
13100001645
13100001646
13100001647
13100001648
13100001649
13100001650
13100001651
13100001652
13100001653
13100001654
13100001655
13100001656
13100001657
13100001658
13100001659
13100001660
13100001661
13100001662
13100001663
13100001664
13100001665
13100001666
13100001667
13100001668
13100001669
13100001670
13100001671
13100001672
13100001673
13100001674
13100001675
13100001676
13100001677
13100001678
13100001679
13100001680
13100001681
13100001682
13100001683
13100001684
13100001685
13100001686
13100001687
13100001688
13100001689
13100001690
13100001691
13100001692
13100001693
13100001694
13100001695
13100001696
13100001697
13100001698
13100001699
13100001700
13100001701
13100001702
13100001703
13100001704
13100001705
13100001706
13100001707
13100001708
13100001709
13100001710
13100001711
13100001712
13100001713
13100001714
13100001715
13100001716
13100001717
13100001718
13100001719
13100001720
13100001721
13100001722
13100001723
13100001724
13100001725
13100001726
13100001727
13100001728
13100001729
13100001730
13100001731
13100001732
13100001733
13100001734
13100001735
13100001736
13100001737
13100001738
13100001739
13100001740
13100001741
13100001742
13100001743
13100001744
13100001745
13100001746
13100001747
13100001748
13100001749
13100001750
13100001751
13100001752
13100001753
13100001754
13100001755
13100001756
13100001757
13100001758
13100001759
13100001760
13100001761
13100001762
13100001763
13100001764
13100001765
13100001766
13100001767
13100001768
13100001769
13100001770
13100001771
13100001772
13100001773
13100001774
13100001775
13100001776
13100001777
13100001778
13100001779
13100001780
13100001781
13100001782
13100001783
13100001784
13100001785
13100001786
13100001787
13100001788
13100001789
13100001790
13100001791
13100001792
13100001793
13100001794
13100001795
13100001796
13100001797
13100001798
13100001799
13100001800
13100001801
13100001802
13100001803
13100001804
13100001805
13100001806
13100001807
13100001808
13100001809
13100001810
13100001811
13100001812
13100001813
13100001814
13100001815
13100001816
13100001817
13100001818
13100001819
13100001820
13100001821
13100001822
13100001823
13100001824
13100001825
13100001826
13100001827
13100001828
13100001829
13100001830
13100001831
13100001832
13100001833
13100001834
13100001835
13100001836
13100001837
13100001838
13100001839
13100001840
13100001841
13100001842
13100001843
13100001844
13100001845
13100001846
13100001847
13100001848
13100001849
13100001850
13100001851
13100001852
13100001853
13100001854
13100001855
13100001856
13100001857
13100001858
13100001859
13100001860
13100001861
13100001862
13100001863
13100001864
13100001865
13100001866
13100001867
13100001868
13100001869
13100001870
13100001871
13100001872
13100001873
13100001874
13100001875
13100001876
13100001877
13100001878
13100001879
13100001880
13100001881
13100001882
13100001883
13100001884
13100001885
13100001886
13100001887
13100001888
13100001889
13100001890
13100001891
13100001892
13100001893
13100001894
13100001895
13100001896
13100001897
13100001898
13100001899
13100001900
13100001901
13100001902
13100001903
13100001904
13100001905
13100001906
13100001907
13100001908
13100001909
13100001910
13100001911
13100001912
13100001913
13100001914
13100001915
13100001916
13100001917
13100001918
13100001919
13100001920
13100001921
13100001922
13100001923
13100001924
13100001925
13100001926
13100001927
13100001928
13100001929
13100001930
13100001931
13100001932
13100001933
13100001934
13100001935
13100001936
13100001937
13100001938
13100001939
13100001940
13100001941
13100001942
13100001943
13100001944
13100001945
13100001946
13100001947
13100001948
13100001949
13100001950
13100001951
13100001952
13100001953
13100001954
13100001955
13100001956
13100001957
13100001958
13100001959
13100001960
13100001961
13100001962
13100001963
13100001964
13100001965
13100001966
13100001967
13100001968
13100001969
13100001970
13100001971
13100001972
13100001973
13100001974
13100001975
13100001976
13100001977
13100001978
13100001979
13100001980
13100001981
13100001982
13100001983
13100001984
13100001985
13100001986
13100001987
13100001988
13100001989
13100001990
13100001991
13100001992
13100001993
13100001994
13100001995
13100001996
13100001997
13100001998
13100001999
13100002000
